"m.z"
732.33316
554.38418
526.35196
488.31456
288.62375
485.22215
365.34253
531.25651
552.36656
359.29594
430.33262
258.09802
499.26606
490.33113
288.12207
344.21939
287.11424
544.25972
390.2656
296.11929
367.15841
532.30243
518.24233
331.12273
343.24099
559.47347
361.19199
284.12462
465.12599
558.33332
516.34585
594.37833
570.36682
659.52608
466.33101
232.05915
383.1477
300.1932
663.5378
568.36244
160.8414
132.89905
502.29469
363.32739
375.25214
441.31255
464.31451
221.0665
225.571
370.15211
241.11899
518.36259
480.30985
406.19955
553.42722
567.31522
402.30177
280.12454
134.89355
486.25731
194.04872
447.31184
492.34611
500.27741
149.02675
428.31651
376.13488
377.28197
530.30248
156.96147
350.15135
493.3482
387.21455
369.28081
405.31369
389.12383
309.28014
685.51707
92.92662
154.06093
417.21455
338.17277
651.59076
258.18256
330.20379
378.20367
411.33463
172.0969
269.1313
96.96827
145.08579
399.25201
116.07041
418.2966
362.28303
415.16256
176.05562
315.13557
557.45779
82.95267
126.00079
539.34243
367.24366
403.26403
252.08774
561.48805
390.1695
521.32453
399.18864
821.41974
216.09531
374.2552
371.22054
320.16193
274.09389
238.57859
473.27636
334.15286
251.09231
585.32551
425.36397
283.26435
328.23622
431.19391
310.12988
146.95927
512.30857
434.20934
334.25217
342.24008
587.29148
390.22646
378.30087
312.13577
559.47327
633.48739
129.96895
368.31705
710.53701
154.96434
395.22069
428.87373
611.39131
288.12209
281.24866
154.96435
345.25666
174.07624
323.12415
403.29774
506.31248
462.29981
164.05703
410.25302
185.05605
291.21011
259.24311
452.27424
420.29701
316.11936
500.27884
263.14003
422.25844
289.12983
262.62056
88.03894
129.00325
136.89057
381.2262
310.12973
310.28354
300.13542
525.28143
468.24655
302.13618
301.09875
378.16634
467.29365
331.26455
144.04442
170.03079
524.33487
103.03878
94.97942
238.0775
373.1733
311.14045
611.34519
319.24116
396.34781
265.09315
327.18065
317.2252
506.32509
523.27398
101.02304
629.45547
633.50254
151.02517
409.15188
532.28825
366.2505
283.26429
243.17139
89.02294
180.06572
313.23856
484.24639
354.30145
450.29908
211.09703
147.04402
99.0074
301.21743
499.31019
589.52048
276.10657
376.22456
315.2097
427.21904
210.05963
337.16607
354.20374
296.61741
611.44473
217.10777
579.43998
608.47852
426.26595
591.41843
348.19294
548.29712
193.08624
150.05489
147.06468
478.29438
576.47136
439.20989
283.10877
476.27843
179.10685
346.16221
357.28019
390.2685
283.083
218.08541
264.1071
393.27754
374.2469
463.30701
311.29579
335.29594
244.13032
329.23348
636.34892
554.34542
556.44509
391.27195
273.17062
433.1916
297.12709
582.378
636.37233
271.22797
217.08287
441.19523
167.02036
87.00713
569.33694
254.62292
681.29788
585.48847
610.3962
543.25753
242.12252
482.26216
555.44204
508.33891
250.03245
647.49084
526.31463
513.33541
541.14661
443.25124
474.22442
399.14797
337.31169
426.30189
340.21359
727.37732
526.24827
144.06541
369.2798
329.24864
360.24888
312.25485
467.21199
605.40485
476.27897
456.283
219.08694
193.08932
345.1098
128.03415
274.07014
148.03942
611.50263
530.2868
569.33368
326.27
165.05487
294.10435
285.19004
114.92511
566.34668
327.21783
355.20269
341.1092
557.44241
297.15376
341.22366
494.32225
138.96957
129.05462
527.25138
386.2376
195.13826
638.52632
287.61192
637.52214
130.08627
344.28085
327.29049
528.2834
314.134
222.07673
634.51347
127.0001
225.07611
330.16731
334.20612
449.3103
421.29041
239.07689
73.02806
193.04976
677.37608
360.26789
451.2483
307.13024
236.09244
412.34344
121.02839
631.31869
384.31227
449.22505
522.29865
382.33247
391.13763
445.19028
192.06579
413.26805
592.40444
386.27374
464.30217
361.25222
75.0073
376.25573
473.12311
290.08865
439.27062
339.1891
264.08819
287.11426
405.21037
471.2648
551.30382
269.05682
441.23607
482.28685
580.36165
435.25146
392.26308
325.18508
379.25311
403.30614
294.61986
452.21998
419.26715
438.29917
314.24216
474.87977
450.29913
342.16756
260.03914
317.13939
242.17599
209.0662
146.06563
223.09718
477.26059
358.23943
509.25613
305.24878
124.03917
226.05399
375.26741
358.19858
467.2114
498.29862
329.24886
135.03016
318.22859
108.04414
495.27874
800.37674
455.25018
328.22482
448.30731
401.24079
313.11951
358.17066
496.26852
307.10391
483.23648
337.19222
365.23293
551.32127
526.25039
132.06557
321.20484
142.05001
479.30176
546.18938
175.09657
443.32936
491.32005
597.41031
311.29535
239.57666
462.32278
529.30176
595.28991
561.34313
229.10783
326.23622
619.49509
404.30989
300.12476
432.2425
118.93169
375.22142
118.04982
436.23699
510.25258
351.18195
401.26972
121.02836
363.23585
286.09332
479.2782
345.14347
245.09295
288.12671
540.33156
269.10306
675.34554
442.26309
224.05613
300.14022
368.25079
462.28556
333.27948
305.249
489.26969
370.25159
113.02315
477.27233
367.13729
223.01418
497.29518
401.18332
394.33278
523.27432
583.37684
453.286
531.31887
313.22932
192.06584
223.1334
240.07539
574.45576
186.11263
179.05532
314.09773
439.08651
347.22282
301.62764
311.09914
453.28593
465.23203
483.26997
386.29123
214.07005
454.26715
571.3482
119.04906
200.12857
462.26974
544.27866
631.49366
512.29715
561.48882
133.01304
239.1285
281.08797
443.21146
384.27613
529.28221
344.18312
99.9244165
373.17723
275.0891
519.31505
405.21409
247.08291
525.28938
455.3246
255.63077
227.09222
127.00014
396.27804
416.24756
475.26807
298.14487
356.21982
428.1825
383.15447
387.24229
494.3116
544.33858
323.22319
443.25154
256.13262
204.06633
509.29428
177.03944
231.05069
325.18497
463.20883
580.39849
528.27103
374.23956
439.1778
419.2945
206.08171
460.28283
335.22071
173.11743
313.1149
118.02141
483.24264
242.07269
497.2954
540.30482
512.47612
462.32169
811.45632
411.2672
442.1632
256.08273
444.31256
561.48938
388.25274
492.29651
299.25931
585.34378
315.16806
448.31523
567.53377
363.20962
540.33628
384.27578
204.06913
359.11403
328.16243
629.26008
385.16901
213.07164
367.24354
146.95928
295.01376
376.26256
273.06261
601.26827
463.28968
381.23256
359.1258
362.17001
415.22592
435.27628
364.211
379.32049
440.22259
199.06066
236.09246
617.50537
557.45821
448.28162
114.05485
293.24776
257.10304
297.24376
360.19345
372.31232
307.26437
254.10338
255.23281
119.03373
384.15605
260.1071
317.13604
291.10762
302.15123
626.35478
494.28881
136.03928
245.10293
417.23577
339.2158
251.2017
391.13058
352.14517
203.07072
594.48298
369.14945
216.09839
311.25929
365.20988
85.06443
407.29585
495.24334
459.21008
199.06049
301.10808
335.21813
489.35901
239.1287
341.1225
508.24577
555.26469
463.21999
421.26037
487.29225
507.29574
356.32525
509.45765
284.21386
445.2536
425.20463
204.05086
415.07199
540.29082
295.13796
554.30149
507.35209
635.50808
281.19307
464.31726
303.10948
233.1545
131.0701
311.16905
319.22227
556.31783
489.23319
294.13137
196.0609
135.93511
510.2792
407.20946
255.08864
568.33413
370.29647
335.22049
497.28616
349.25035
191.03591
336.15936
392.18265
164.0707
306.1746
463.25586
446.32739
318.13766
623.34136
158.08118
273.11369
280.08745
211.1335
237.0768
487.32038
250.07225
269.21241
253.09295
515.30423
125.02322
407.26746
259.11899
189.07589
517.28333
309.20484
299.25954
571.28882
536.32274
464.21995
334.13932
356.28043
459.20286
441.24064
671.26692
136.06135
209.15407
353.21648
121.02835
362.16448
468.23793
313.23846
315.24536
278.12641
265.14806
236.09593
215.08599
423.28256
268.08297
435.2753
173.08111
489.21721
340.2237
213.14893
493.26348
471.33304
538.25982
227.10347
299.22283
245.09422
231.09791
319.22806
277.18099
233.5685
297.15344
319.13023
425.19352
555.4417
327.10025
472.27091
421.07602
243.0631
498.26167
316.16702
190.92791
281.24899
310.13574
473.32072
375.13907
332.14675
465.32149
453.27175
359.25461
314.12
558.46075
339.22757
129.05452
409.27263
135.96987
712.5398
369.24024
527.26895
805.63138
488.27395
123.04385
303.15455
512.36659
445.15573
497.34003
315.11523
451.32663
339.25453
498.34299
231.07722
183.04863
653.33822
540.34285
387.12852
387.25181
539.26776
699.38204
250.09325
295.22817
554.31663
362.14394
592.4667
367.24903
593.55051
589.4247
181.05962
412.28905
723.38149
557.31474
298.14089
289.12317
231.55279
388.21647
627.40404
347.19964
345.14666
375.18498
501.30487
109.02836
253.08055
577.3743
493.23058
314.20909
583.29299
357.15579
556.33073
372.21461
549.45259
451.2195
573.45263
187.07151
623.41573
432.31975
102.05474
74.02331
173.08124
447.2881
609.14892
287.22223
484.27699
448.26377
280.62212
383.12052
163.06012
325.18438
506.25106
436.30735
423.27575
266.10898
393.23275
78.95758
261.08855
426.19585
366.20049
476.2718
227.20136
593.43526
351.22131
303.23337
274.03979
515.40988
481.31723
439.20841
357.21796
477.26791
399.19258
248.958
371.25898
667.47055
364.18792
504.33327
246.0748
411.16658
232.56069
441.36997
286.16602
506.34789
552.37623
667.54059
138.96949
435.23753
267.23312
676.33228
485.25713
180.0297
499.29155
385.14432
255.14228
541.26471
215.16484
471.28231
419.30052
425.20114
455.20844
353.16461
315.25401515
254.10058
396.21639
234.07682
553.42634
151.01377
114.01842
437.3503
500.31366
328.19275
301.11927
285.01463
303.09899
432.27873
418.2274
270.11393
421.243
465.32166
166.01704
569.27441
514.28467
393.17361
275.202
413.19297
585.4918
301.23847
520.26555
183.10162
719.3714
723.40347
694.48958
221.15432
327.20818
407.28003
497.28296
328.15241
471.32467
163.03922
272.07822
522.308
267.1579
486.202
627.31832
763.39674
248.09284
375.18179
243.19646
300.08214
232.97608
241.18101
152.04226
255.07058
395.1906
159.07642
273.20746
340.18787
340.20332
411.20222
253.08295
415.22
485.22181
251.20173
117.03334
424.15452
356.11798
92.92672
585.30225
713.35281
369.20502
223.16993
474.26314
481.3158
610.33291
261.08017
348.15769
417.32192
587.50647
282.10788
471.24256
453.232
261.13524
408.17798
132.02868
366.1671
99.92441474
405.17483
249.14957
361.23654
582.27212
635.52592
366.2262
447.25296
164.03447
326.03006
394.26915
466.1998
85.02802
149.05971
272.16197
256.23611
355.20305
185.11745
107.01268
309.14617
447.13481
232.05919
377.23699
99.92441182
337.23655
118.91706
157.04951
355.26428
209.08886
199.13318
335.1258
378.11083
232.0588
236.05632
197.11768
382.34099
407.26388
523.36422
239.1288
481.3301
503.26909
550.32077
528.31521
385.2093
455.24809
418.30649
389.26698
245.06695
385.15185
112.03918
317.11504
221.1179
574.48939
253.14433
335.22287
283.10915
327.10811
190.05352
390.24015
456.20636
394.26251
651.52086
529.42322
506.32594
431.31147
439.29238
378.12864
649.50428
595.43523
540.30006
296.1141
456.2305
462.32265
255.23301
453.23188
635.34887
297.27074
225.09577
433.22132
429.22431
132.86701
313.12019
608.31775
469.22735
359.17182
114.93282
507.33288
115.0389
130.07552
213.05417
345.10951
377.08594
201.14891
543.33421
234.11333
263.02331
299.2591
295.18915
375.1875
380.31734
377.12487
289.1208
367.21257
395.24337
662.54533
250.14497
275.15034
392.18352
430.26247
203.08137
239.0901
509.33056
322.14119
471.24157
661.54147
317.15074
250.10834
537.32573
316.13553
591.3203
427.17965
345.21054
359.12535
435.27197
181.0499
99.92441
337.09391
521.33027
593.3601
98.95444
94.97934
335.09163
394.26226
504.27206
401.19949
236.98629
493.25791
117.92744
387.18501
405.26474
389.05427
259.11264
350.13686
563.14154
278.06737
134.05981
501.21387
341.10321
621.40078
96.95881
429.19597
365.24626
463.30612
298.08763
207.06582
311.22287
267.04545
300.90324
609.39317
137.02339
375.21795
104.03388
409.31105
316.15129
458.26086
293.17613
186.07651
252.5726
469.2581
353.21642
243.12398
467.2958
225.1855
503.25245
471.26694
242.94363
339.21809
376.27883
131.08142
511.40066
264.08813
280.62112
372.19416
467.24775
437.25496
640.36742
389.29081
365.23616
473.22075
583.29101
127.039
605.31526
349.16588
365.13528
389.19274
212.07459
151.03908
315.25401
100.03908
197.08123
449.20373
246.03869
312.10932
365.23102
639.27683
173.02104
493.22516
329.18705
334.10325
161.04471
553.32136
549.2978
255.08504
526.32844
398.3266
371.11998
314.23427
415.26253
649.50509
404.21925
195.06573
99.9245
403.21665
685.48306
491.27928
523.36349
494.29386
302.10115
410.07647
527.26851
347.22035
366.26514
117.92743722
108.04426
414.16759
337.20592
369.1746
134.89342
607.38746
269.21234
637.33794
224.05626
112.98453
392.31738
311.18429
101.05947
645.40468
282.11416
139.03891
343.08055
391.26259
361.1412
119.04908
245.13869
480.30919
417.265
255.0486
545.27971
243.12344
272.12965
350.23994
381.15505
364.26215
374.17248
625.5765
475.25429
465.22066
369.27622
300.19328
541.28494
193.00319
522.28345
597.39407
591.32378
339.08807
371.18989
480.21464
426.18869
126.02991
573.45339
200.05595
383.19015
243.19642
523.25183
435.27582
549.16761
429.22342
481.26356
203.12834
609.49252
265.10641
313.23845
478.25745
364.1522
557.3516
449.29042
510.26102
302.10154
231.12293
627.55478
525.28794
309.10915
148.04269
179.0343
496.33554
453.29778
404.30208
183.13828
273.07747
590.30677
160.06049
429.23495
154.06121
340.12523
500.26944
299.10436
369.02886
616.3889
364.14944
517.29834
307.19175
501.28332
353.08873
485.31657
472.24214
433.21891
107.04893
117.92745
316.09125
596.43849
370.29665
552.49864
363.21599
300.12236
220.09757
683.46661
450.2629
149.9935
168.98824
246.08316
116.92741
232.07707
495.35099
329.23342
435.27142
377.13608
490.23088
229.10785
240.07491
333.21982
482.30293
521.29489
167.03421
314.09741
430.17375
357.21374
118.91708
532.30379
117.92743
373.22406
283.10906
327.29073
325.20026
267.19674
639.49582
344.15362
247.17032
570.33119
323.19006
437.2905
527.341
537.45229
397.16927
208.06111
253.07591
209.08138
523.33982
574.23779
408.2525
134.04613
588.25372
367.08248
429.21135
143.04499
353.20065
158.93795
385.29643
295.17507
467.28354
446.3267
332.11488
309.17484
195.03682
531.31708
165.05474
166.05003
485.31354
355.30546
254.07039
171.06542
435.19829
364.19631
118.96816
806.37471
374.1447
767.42809
446.23787
455.24801
363.12064
467.24284
491.26247
116.92729
492.30566
223.13361
431.30167
207.05029
380.24974
127.07533
299.12865
591.46343
494.25214
259.11892
440.29914
543.29899
461.1853
222.99181
607.38655
511.27272
220.06121
503.26805
660.34206
363.23783
384.23737
278.61212
637.5406
636.35237
554.42913
215.12847
331.21296
609.50872
557.27426
365.19743
495.315
627.34943
524.34105
333.09627
318.18414
107.02378
649.44228
471.18243
633.51104
391.24387
241.10819
163.03924
246.13396
497.34009
552.20384
339.21575
205.15907
137.05968
509.34764
312.17247
343.09191
159.0653227
433.26021
354.20382
171.10174
409.34397
543.25606
215.16474
201.13186
565.33598
336.25453
376.14048
369.2404
382.29641
373.57364
467.27907
398.1904
239.0595
199.16965
359.12507
158.97749
334.28372
482.29392
295.10347
225.06918
101.0594767
407.19352
291.17196
180.03273
424.24748
543.26341
325.18443
425.2001
241.08299
248.09739
762.4059
375.08332
537.23932
229.14416
269.06746
125.09604
269.21235
398.22392
492.27986
297.2338
436.22457
413.16848
351.25236
207.0657
129.97467
309.20664
435.23551
653.449
143.07023
164.92636
512.29938
487.23733
169.04966
772.5127
480.26574
387.116
562.31446
238.07193
465.30501
175.06043
210.05326
425.30266
369.1259
206.08153
153.01831
145.04962
353.15848
403.17321
489.31724
373.07302
380.24171
509.21902
267.07371
241.18078
807.42375
287.20197
153.01811
477.39246
265.10577
321.08368
347.11311
232.11803
468.30515
188.97113
372.15604
135.04407
311.187
529.42687
508.3561
271.09551
364.18802
399.22358
509.31082
269.04622
377.20031
408.26825
711.53621
538.32039
379.21429
337.23841
307.19145
428.30842
469.2275
447.21569
547.29655
240.08747
309.09131
391.14034
371.22946
114.93282863
529.28351
308.09964
156.06547
441.28636
469.28106
405.1196
187.09688
283.06178
356.25567
360.16485
572.4404
271.15548
415.14637
197.04493
281.88367
576.49937
179.03417
366.23432
106.04113
160.03951
227.12856
383.24164
201.04029
496.27415
475.21458
269.24879
381.26427
403.27012
295.22798
299.25925
227.12815
195.06571
469.23569
288.10398
388.3067
503.19236
255.23312
613.52286
544.25929
300.62377
451.11482
353.23359
594.43802
425.2585
226.08013
430.26257
487.32786
445.1908
381.3015
427.18773
266.10362
317.19028
214.14435
533.45512
265.14803
487.23741
315.2539
617.53382
491.28401
168.0423
601.47155
443.19411
451.23474
335.17669
270.09849
293.17356
271.22795
557.31356
411.23839
533.33355
117.92741
486.22524
448.38738
577.4746
467.24773
183.1018
334.13868
266.00502
452.25125
257.11461
371.23662
289.05125
298.1398
341.27066
257.09309
457.23236
769.13367
299.10434
565.3023
498.29886
123.03149
118.03681
116.92731377
299.0992
279.8612
405.17523
331.15118
237.06083
479.26503
471.2037
307.63156
343.24291
813.45087
525.2526
283.19043
378.25924
383.24333
285.088
109.00308
141.01563
311.15008
335.23613
273.12538
351.23137
476.27825
457.15073
483.33217
333.22068
373.07293
340.20347
383.15381
571.43676
349.20519
481.29882
275.04327
391.25251
433.27855
545.37975
281.2487
421.27124
403.22669
372.12107
527.30413
407.28098
389.18443
465.20837
111.00751
284.25678
435.29774
600.51181
295.26444
150.05494
277.21714
218.06653
455.28446
419.28119
153.05481
251.05645
349.20267
135.04403187
406.26355
507.44152
245.56462
372.29095
618.4375
498.29021
412.28606
508.37168
214.07071
422.19346
373.16915
522.29109
417.28646
317.1428
181.08617
591.31863
383.14247
665.49103
391.28775
315.25432
142.04113
187.00391
236.09589
340.28543
343.16705
487.23647
261.03454
581.33315
409.29592
443.25766
392.24835
275.0777
98.97259
200.09219
241.21683
499.33795
478.36001
355.19023
311.2229994
488.21749
309.13554
367.24668
105.95913
482.3029
551.30431
451.25245
458.26235
304.10366
272.19479
557.457
621.45632
313.12013
486.25353
415.27272
303.10978
301.12039
411.18492
297.17052
361.1876
365.23083
485.22539
433.3159
248.1291
427.21681
343.18214
240.07482
450.27487
490.22813
289.07567
437.29109
406.26659
560.47589
139.05806
233.06674
355.17635
420.23061
469.33057
248.09278
615.49037
486.33028
538.32851
311.22295
427.21859
297.15302
575.46753
209.0815
453.15568
217.10712
559.39875
418.21401
271.1917
99.04382
507.33304
291.01869
293.10099
479.26592
214.10801
117.9274475
539.34039
239.20135
253.10798
107.04896
539.33726
352.28438
442.30044
351.06996
212.03251
399.22136
415.28113
416.30973
182.98786
491.28566
235.09757
180.06567
547.43775
475.3071
517.39013
505.32885
641.55191
340.13028
413.29205
485.22148
228.06964
304.06777
652.52355
253.05077
527.39557
463.2894
343.19925
345.21079
322.18551
397.22107
455.35445
471.32464
505.30035
343.20275
596.34299
304.94966
589.30292
408.33146
281.1031
327.25449
373.26015
433.28351
215.09225
481.35308
496.27374
423.24628
243.12325
337.14068
358.10591
298.57043
595.49435
311.11328
115.98833
174.95536
511.30373
635.45372
357.14125
249.11089
228.13126
171.04015
499.31008
577.28234
245.093
480.27969
554.34822
543.33606
386.17274
487.03591
481.28138
509.25851
313.08461
387.10887
293.12456
464.22242
240.13205
132.04438
195.06585
340.28571
307.19525
541.20892
277.12974
428.18381
247.00364
252.03384
195.13822
405.26459
427.21605
116.92731889
394.19772
186.11277
301.15584
381.26238
451.34159
567.33885
377.20971
121.06475
372.26285
478.32665
471.26335
399.2856
397.25902
389.20901
225.07645
268.10943
285.10833
286.24659
342.19989
381.17419
356.14687
483.31462
297.24374
461.28502
155.00098
406.26814
209.07905
489.26975
393.14201
327.07316
271.15484
285.17094
438.27093
339.20008
255.11865
153.09105
279.12376
295.11878
441.30071524
197.08133
386.13634
151.00269
229.08277
519.37904
414.25042
452.27881
315.12767
279.08769
388.18683
595.34993
227.12855
351.03799
574.45197
439.29611
342.11215
230.13949
395.18966
274.11441
269.13934
595.43116
273.13462
257.17564
504.27256
475.21597
257.02815
346.23158
347.2588
307.16648
598.31679
499.28134
332.1254
399.27519
521.32947
519.25354
469.33185
441.29991
562.4097
255.11495
242.1396
408.28332
202.10713
603.50155
356.28101
476.26261
513.34103
583.29332
405.26571
521.25974
547.43694
213.09196
461.20007
321.11176
573.45229
556.44528
422.13435
783.58004
564.40424
565.32242
254.07237
454.28977
509.33079
361.23874
265.21734
493.30913
399.14838
213.11253
321.21085
504.30995
493.23069
439.14092
342.26512
357.22873
159.10157
479.28337
285.20638
355.19913
539.34192
294.11879
399.27522
361.22225
395.24331
200.10049
613.29992
513.2887
660.52853
363.08354
509.28935
211.13343
460.27689
373.25791
386.09141
504.20251
117.05463
378.27759
308.11965
455.21382
477.22988
390.25091
472.24641
399.1845
505.35405
363.21587
375.26454
283.13029
187.03684
330.09633
516.23116
581.45456
315.13537
116.92727
454.32613
305.1758
485.05716
287.10382
430.22672
369.174678
319.16623
592.32727
397.17603
450.21365
141.01578
288.07333
329.10361
149.99333
520.32745
578.48729
345.15581
412.08771
203.12819364
359.17247
553.31927
322.1148
291.19676
698.33625
283.08605
169.07615
469.2801
323.22041
309.14565
520.24546
506.30428
461.25342
391.23658
495.36029
393.26487
277.21742
607.3132
351.19315
555.33563
209.08162
409.19066
395.21113
407.28074
337.11953
158.08122
468.30514
228.03823
116.97121
503.33731
444.17818
111.08031
654.51561
243.07836
325.23835
281.09672
200.09223
447.20569
171.10171
339.32702
277.12296
519.33076
259.19139
589.3031
283.119
495.33236
451.27031
529.28475
351.1816
559.33016
496.22238
461.29062
385.30771
541.24832
400.30652
373.18704
485.30068
505.31704
203.05592
454.29983
461.18574
345.22833
254.10048
443.19403
295.22772
436.28335
596.52513
414.2679
549.28701
477.23682
492.31017
387.18503
441.28609
361.06808
515.3163
405.157
477.30471
503.31581
471.26781
403.20704
401.26409
388.30717
354.18302
290.11517
481.29878
327.21745
369.24362
534.35224
249.14956
371.29027
367.1586
357.15861
596.49731
158.06013
407.24354
727.58353
368.19011
525.24615
417.3324
184.99073
487.27288
298.10858
377.21083
361.0963
494.29719
257.16581
484.27459
397.22415
384.31201
140.06191
383.1905
383.15439
312.11797
285.12477
527.16982
418.21408
465.31974
621.50758
183.0919
217.0479
96.95865
248.97339
275.14032
527.30375
290.10372
183.13817
779.54846
418.3092
341.24524
524.30037
552.3355
653.51244
429.23208
438.26285
344.22339
289.15579
165.05473
373.16037
413.25462
375.18158
339.12829
197.11762
161.05989
153.05473
427.16045
499.23864
404.14451
429.082
475.28977
344.1869
186.11278
362.29134
216.08766
254.10319
326.20823
328.2495
607.49308
231.12319
328.22111
373.27504
267.12379
216.03304
563.5046
417.19594
302.26699
335.16127
437.26762
109.00305
551.30507
116.0494
465.30522
333.1354
437.291
343.28521
483.29767
488.37465
347.11411
297.09825
208.96054
329.10901
423.27513
345.21109
313.27512
575.46812
541.3203
287.14063
515.30868
493.33632
198.14928
461.29094
307.12967
425.21846
525.33991
482.23
395.24775
499.32791
116.92731
348.19282
482.35718
564.33048
617.47586
414.23081
421.14659
607.34832
401.21858
362.23762
329.10353
351.20078
367.15908
261.07522
538.32842
543.33039
241.14427
121.06467
530.28832
231.55299
152.07069
343.2852
492.23406
491.30111
211.05258
316.63668
482.28742
305.10157
379.22459
116.92741639
316.18483
389.1341
224.09251
277.07202
537.34059
381.17428
495.24391
500.30384
445.33205
476.26286
413.16475
199.097
459.27287
523.2924
487.30311
305.12332
299.95613
117.92749
394.2156
485.2795
258.11395
345.10948
416.25561
235.08184
248.05622
214.0581
787.62663
609.42938
172.06071
277.14473
389.28297
375.27506
403.09275
471.2762
302.17631
437.25373
211.06089
243.08098
406.22785
251.07745
98.02336
331.14159
566.51343
361.13007
427.31705
447.20642
575.46754
481.26416
269.21235821
431.26551
157.08597
137.05976
459.31195
114.9328362
415.21594
187.13314
293.04288
325.07136
262.07003
255.23286
279.12162
431.14103
285.20688
175.0966
295.11628
408.25265
410.23155
389.18247
277.10568
333.10981
535.23852
603.51824
149.0597
220.0223
234.07703
505.33437
417.28851
249.18592
181.06089
395.29224
240.2048
181.12258
543.43975
469.26801
415.32144
399.27556
239.11217
471.26785
301.17722
445.19079
447.20663
407.12067
316.13501
741.6053
367.261
385.16954
632.31817
285.2435
689.49538
473.30194
271.06327
356.0732
377.28051
243.1963
519.10245
539.30396
117.92746
245.08478
205.07102
352.13345
583.32237
693.49478
364.21963
385.20564
379.10264
397.20604
433.985
405.24239
655.49422
494.28908
476.28473
337.20372
286.17758
413.20068
425.29139
354.23446
415.27062
265.14791
466.29431
271.08266
287.05431
269.17591
262.07005
577.36381
309.20485
594.3383
351.18212
151.07533
271.19141
608.31756
553.31625
593.33371
629.51868
355.05062
565.28493
528.30846
446.19368
240.07511
453.23155
526.2845
274.14868
363.21231
230.08215
515.03166
327.21786
424.30503
438.14921
391.28549
325.2213
509.29637
511.40034
341.19691
474.25543
433.29718
363.2522
389.2471
414.17741
378.23279
341.21235
180.03272
194.90503
349.09439
611.34546
636.44761
528.30924
297.08605
513.27207
321.10926
463.30637
165.01838
225.09582
155.10672
293.10355
117.03356
313.16627
365.26964
93.03316
653.49323
578.32733
178.07092
382.24235
317.11451
409.25096
347.15
576.40084
417.26463
172.0065
339.21591
550.29199
163.07538
524.27807
258.07734
433.33218
577.42319
99.92442
621.54535
335.1867
716.57153
465.32183
497.25884
319.16655
431.18143
389.19441
479.33677
312.17258
392.15476
563.3428
539.30439
398.24718
420.28388
611.50678
401.29128
585.48656
203.08214
301.13005
189.07638
489.31887
602.515
490.35376
377.27352
359.22052
216.96844
445.29596
205.05017
300.12462
255.10215
413.20054
282.24082
248.05643
379.24914
243.15994
557.2781
434.97872
466.32502
540.27602
773.56968
255.11443
353.19725
707.5038
476.31458
397.18758
439.18775
467.26375
477.26278
453.31441
241.18066
673.54025
469.3301
363.21893
354.3009
343.11916
535.40037
238.10827
421.1521
241.10812
316.94836
352.13107
391.1491
437.17165
177.01863
515.27082
380.1828
219.02718
225.11258
331.1188
217.0027
457.2822
445.15585
114.98759
579.49865
201.11265
263.12928
279.063
290.07091
501.39502
451.24686
393.27601
792.5757
178.05013
755.60012
130.9826
507.31486
301.12974
337.20478
194.90507
423.28696
271.22807
597.35536
613.50223
346.21129
497.29558
251.12637
407.17202
269.21232
407.28066
257.21208
306.09155
400.00528
360.27603
531.29942
410.23893
223.09471
333.09878
267.05178
373.27476
215.02108
407.25717
387.20273
467.29798
257.21204
535.29021
404.14341
377.13604
466.2922
620.45055
283.10913
457.22667
246.06194
392.25268
421.13063
391.15188
410.25541
315.18191
293.13239
411.23946
431.31652
517.31475
402.21896
461.18571
425.26863
286.12818
357.18328
171.13809
191.07058
559.40106
116.92729209
373.20551
484.20939
375.285
319.22791
623.40164
484.24639824
382.26484
451.30526
394.29339
373.13882
315.00595
477.28514
506.25041
384.15719
492.98672
614.33058
617.27356
325.20227
321.18161
326.12437
109.02828
184.09707
249.03835
515.30281
459.27349
493.3181
222.07669
465.28737
535.33212
111.04393
671.52572
400.22464
463.27047
297.08483
242.04922
434.26763
590.50588
534.23627
363.14524
496.3353
283.1193
353.10125
341.28913
322.16652
559.47345
463.30577
448.28322
639.43222
359.17173
375.11926
456.27107
611.2846
439.26239
541.06596
224.01335
325.2019
691.50833
525.32508
387.23002
482.26579
275.18672
421.25962
403.13925
182.08152
465.30505
473.36325
305.07058
397.22681
96.95868
138.05446
597.33546
544.24526
336.13062
399.22069
345.26309
483.27297
415.25353
436.18347
474.28464
411.29025
333.14601
527.30441
311.22299
515.22979
511.26618
633.29248
541.32022
122.97451
199.13326
185.08087
221.0791
188.01005
136.04968
329.10368
527.30465
285.11364
285.12495
225.2221
146.06002
345.19233
369.17479
221.08172
347.11143
452.27885
475.26827
567.33542
139.11173
322.17421
141.01831
389.1693
267.10226
685.54252
549.45196
220.08215
418.28087
359.15305
511.26522
311.16874
283.11937
479.34053
513.28856
311.18643
325.11775
247.08265
391.24366
324.25472
241.21723
679.37551
337.23632
165.0548
279.1717
545.31575
393.22822
523.27386
411.21575
361.28653
537.23788
439.28192
568.33099
512.27828
351.09936
407.20325
397.2057
707.54735
427.26157
443.25616
291.17172
185.02713
421.21888
158.93799
339.13258
274.03326
137.02334
369.15902
545.21707
345.10197
226.07158
351.21797
513.25299
629.48019
337.20227
416.22016
538.35971
452.31026
230.99701
273.12491
497.28561
383.13518
318.15365
513.30446
237.11267
239.20141
463.24895
253.14449
257.96732
549.36483
513.32008
341.14864
311.16902
393.19572
422.20936
411.14922
465.28614
343.18863
637.23236
469.30949
401.14752
323.21142
515.30432
467.3151
323.09883
280.08287
509.25097
483.29343
355.21309
507.31412
385.18761
285.13246
345.20522
547.31155
305.10688
265.10604
345.20737
501.35878
357.28001
433.29532
553.32138
496.30453
560.47898
387.18429
311.0932
339.20051
316.1482
339.18159
791.59021
329.12633
395.12034
368.19155
745.60032
444.17843
545.28017
257.17577
287.1502
441.26257
467.33743
285.12479
209.08154
280.03225
401.2694
226.1083
359.27032
449.24407
625.32222
118.91707
401.13364
483.32528
371.17165
441.28512
232.10135
335.22038
241.09905
324.16495
493.31666
638.53465
347.23618
455.26501
477.34357
318.11709
611.52517
505.31274
375.10926
529.29802
495.31541
353.23113
337.08768
533.29422
525.32609
383.1771
445.29638
529.28416
199.09698
360.07839
308.13769
157.04985
437.10079
320.19516
223.06081
112.98436
474.35847
454.28079
385.14358
507.33345
395.19755
483.30847
404.18243
443.17499
94.97936
350.23718
361.07235
581.47799
186.02231
479.33772
421.25995
411.2675
674.54381
190.04227
493.33614
311.1865
109.00308702
339.13315
439.28499
131.07025
464.18326
369.30029
387.28616
319.16687
439.27299
521.29369
144.02914
273.12454
134.33928
259.14557
353.30613
419.28059
346.09407
479.32007
461.26756
393.19557
213.18536
341.10372
505.42294
319.11889
116.92728
261.16107
365.27989
503.38364
293.10321
343.17644
481.26314
631.53381
419.18125
513.28905
87.04371
487.23481
393.24166
374.27834
227.12843
482.30227
213.09139
569.27128
511.28973
509.29344
468.25047
461.32775
556.33891
317.11476
213.11265
301.2023
465.26248
801.53233
786.58727
343.09738
198.06801
595.49437
811.67756
410.28345
109.02827
513.08441
295.22789
473.28268
391.14948
494.24878
429.25189
235.06027
427.30663
256.09829
497.34778
383.17206
353.13603
447.31217
315.18167
301.2019
601.51698
353.1597
437.16169
419.14996
447.34738
569.51455
335.18704
503.22175
391.24968
649.50438
453.26327
181.049969
477.30673
445.25329
333.1347
421.25981
555.43429
523.31061
425.29158
479.21106
170.04503
116.9273
495.31555
495.3211
324.13225
493.30002
434.2999
401.20082
461.00399
301.10846
319.19171
365.14366
136.07562
381.19183
242.11162
353.23349
255.12333
481.29959
502.21969
289.07215
289.18018
228.13192
421.29675
513.33586
230.10312
172.99322
539.29898
493.31303
333.14607
537.27165
234.07721
393.30116
493.22521
445.19043
783.57828
781.5653
327.10206
415.17874
119.04904
459.33368
303.17162
599.29022
425.29172
372.31231
271.15434
375.28975
319.16686
265.1481
751.58874
599.52513
91.05387
241.14401
359.12018
543.46237
488.27615
479.33792
325.18436
587.28773
87.04369
557.27955
329.06729
483.2057
551.32833
582.34791
383.32809
321.14564
267.08747
449.20156
505.26288
333.05537
485.25738
754.59707
455.35268
257.17583
537.32821
411.23769
411.08441
275.14042
591.46343376
541.31995
431.28031
441.26145
113.05959
280.0945
151.0392
571.4947
591.32766
553.31973
361.14087
533.29258
456.24497
445.33234
265.12766
465.31339
347.18666
446.37189
387.11806
481.31651
539.26918
498.29853
385.24965
257.08205
186.06755
551.2687
459.27313
188.0099
593.33383
397.33209
188.09192
423.03846
285.12417
351.22183
355.24912
436.9752
343.15603
119.01604
249.06185
351.21804
306.13535
262.16449
299.20136
369.22852
569.31454
587.28766
615.3174
443.27798
429.29735
212.05608
424.25507
377.2335
575.49981
373.20168
347.19012
450.29683
185.08102
827.64283
405.16535
401.95656
246.14249
388.15808
365.19531
187.00896
477.3586
150.0412
176.03455
319.13066
355.14338
609.32902
283.22811
227.02261
211.13349
641.46306
584.32012
445.00687
287.22288
481.34524
281.13955
385.1695
439.24706
290.14005
787.58955
493.33607
461.27894
403.21605
371.24363
335.1175
262.05736
551.50446
524.31437
507.27357
522.33413
279.23325
425.29089
505.2996
479.37253
253.21729
367.17575
505.259
331.19179
308.62157
563.26807
265.00325
405.25215
436.27922
79.95596
423.27239
589.30365
320.07838
475.26874
317.17593
420.28446
181.01671
555.26249
510.29221
276.06243
522.2911
339.20053
321.20737
552.3436
499.32724
527.13786
277.10867
194.90508
272.09312
281.17347
523.31088
128.07054
353.18682
291.08803
460.26876
319.16678
377.23233
486.94081
321.17081
136.96324
384.21173
483.02387
571.29552
182.04451
549.31046
538.42016
497.34779
459.23941
816.54011
203.03199
206.04897
174.95547
369.19232
116.92745
348.21805
198.07621
413.20034
469.29674
336.95786
351.29088
529.33785
184.06083
397.19879
247.11887
697.22619
477.32175
256.05932
639.55744
504.36942
243.12355
349.20196
203.12819
208.06107
553.31614
593.4779
293.21251
465.28637
466.29233
485.01147
293.07986
264.92756
513.34283
301.99167
332.22335
143.07011
513.32538
94.02841
453.21738
425.25456
351.23242
347.11422
469.27821
597.5093
377.24757
435.15575
347.22316
309.20732
387.25367
279.14778
208.09734
172.09702
523.2913
551.30585
801.48303
723.59361
261.16002
371.18987
507.3324
427.234
365.22022
547.34796
262.07013
241.12228
493.32824
545.31506
325.16595
541.32103
396.19315
153.09104
435.28596
430.19931
547.29355
373.29565
271.22796437
386.16224
493.31755
135.04398
805.56087
423.1026
477.32275
114.9328367
466.23513
562.32131
339.07301
229.09804
510.2885
385.16949
513.30195
537.32575
331.20485
565.3769
593.42006
381.33743
391.17987
439.24798
499.23812
487.27391
347.24288
478.30753
365.08057
463.34376
431.21144
114.9328
589.30378
211.16981
465.08433
271.19128
509.21911
371.1908
329.23378
415.32164
238.10834
399.186
273.17072
297.24382
359.22326
499.3557
122.02356
429.19554
491.26216
327.21795
403.27057
307.08562
493.30016
345.09912
80.96383
447.2766
405.26428
343.15551
423.25302
335.13699
463.3293
281.24898
481.29947
269.04628
366.21151
496.37117
306.08442
509.00049
655.53008
394.29203
309.06145
258.03853
579.29842
269.17609
479.33804
453.28611
255.11442
529.31612
591.46363
144.04438319
369.30086
537.35611
317.1507
164.98547
243.1964
442.26581
292.15567
417.22902
440.27663
271.02031
193.04996
377.17977
517.26251
513.31016
426.29361
391.28507
329.10446
517.38977
547.36062
435.12775
367.15868
369.10436
461.3639
521.33014
385.1696
401.28082
347.20688
361.26055
293.21257
407.14443
506.3313
331.15546
185.10752
413.25764
373.20549
305.1501
357.17525
317.13345
554.32324
519.3676
389.26979
461.99753
321.13266
697.248
371.18975
321.24354
361.09094
379.16418
306.19041
254.57424
499.25182
482.21188
292.10278
537.29085
244.09794
513.28313
138.05509
493.31756
176.03797
489.35795
387.27554
494.35657
419.28052
276.16038
124.00277
511.27395
521.29396
343.12118
191.0707
367.1695
331.19203
257.12977
488.34582
465.30508
512.31372
421.29654
536.34387
361.1171
801.52875
419.29167
355.24877
329.21571
117.92756
528.30797
325.07954
196.04879
506.30214
828.64396
397.16942
384.17172
525.28984
765.56709
444.32012
329.10356
561.14044
567.29989
389.1034
345.1709
355.1763
349.23848
385.25908
507.29566
128.04947
536.2765
496.20977
437.26803
401.20014
303.1354
279.16357
102.98728
453.28587
541.28417
319.13025
162.05494
447.34836
515.93695
453.26238
271.15021
349.0875
324.16394
499.31015
159.06532
122.05993
519.31715
316.99599
446.0099
201.07636
435.31105
395.18959
227.03511
635.43598
511.2744
438.26286
426.30666
439.28533
291.12378
307.07288
197.08134
357.17111
283.09791
447.31251
413.16436
489.3362
323.18456
118.92569
475.34269
381.18724
458.29502
244.96415
302.95248
307.14598
449.25489
417.26501
293.17964
539.35801
110.02363
305.08864
330.1357
152.99472
571.29462
701.37105
331.08312
462.33082
413.20039
516.19873
317.1505
337.17728
311.14695
125.05969
801.54379
399.00131
492.28149
176.03442
417.30188
479.30074
429.19605
99.0438
367.2131
561.31015
401.14265
303.13477
343.21179
533.29539
435.98167
188.07094
547.32021
323.16073
144.99825
539.43258
533.38465
417.15964
583.30971
651.55714
435.25229
400.95542
523.36271
297.24376978
297.1343
499.29385
409.27373
567.31667
483.36997
445.19122
402.95161
467.3017
417.17818
759.61483
452.27422
224.09782
321.21001
405.26478
317.14156
481.35399
834.56273
636.44611
552.33534
509.29317
258.97999
451.2405
484.28063
511.31038
430.98507
549.34221
136.07561
497.25549
299.12501
277.1064
461.18544
535.40026
371.24358
480.21401
464.31597
261.07462
519.33106
552.30814
303.135
267.12398
489.26903
605.29803
244.08449
413.05654
277.05033
495.27804
434.33406
591.31756
468.3018
695.23036
304.17508
482.30235
335.16184
453.26284
483.33052
265.07175
551.04844
401.20072
361.17748
509.21921
385.23867
564.37256
160.03952
617.32626
436.31476
485.2883
467.30143
389.2699
267.12169
314.13426
361.20273
427.26177
121.02833
841.62047
500.20424
327.08777
329.1036
461.36356
360.10962
398.00822
285.11333837
286.18996
407.27868
605.2985
381.17234
427.23297
213.18548
479.2836
284.15775
482.32046
229.08663
457.36878
323.22303
472.34666
447.00386
511.2734
527.26053
367.11432
323.09046
313.10892
407.13469
489.32264
386.16131
541.32026
383.15397
333.20748
518.30396
228.1318
726.21761
299.18632
431.28024
223.09726
347.11424
327.1454
118.92554
275.18656
324.93863
455.02867
173.08108
355.28538
393.1948
453.2692
483.36877
555.29974
347.1611
535.32733
193.05004
381.23244
269.09379
471.32552
243.15479
497.25872
297.11297
314.11204
444.01321
603.29754
493.28682
557.31456
351.16378
472.92485
535.27393
357.1467
385.20565
433.29646
315.13588
194.08956
385.19933
375.21755
245.08272
463.34238
467.23858
375.29055
491.33737
489.30433
289.16552
535.31056
277.14477
179.0013
480.31692
303.19664
405.15143
418.33657
419.12365
212.97893
301.16569
274.16637
475.34265
483.29577
370.24736
437.29072
449.31194
563.27285
313.2386
519.2282
434.33566
530.28848
426.92433
359.03099
509.38489
99.9244
313.10851
321.1351
515.26785
367.21247
313.14466
330.10648
359.11463
473.2482
257.12964
386.29114
197.04514
457.33273
540.3091
491.27867
549.28964
483.33298
323.11268
265.05116
495.27822
215.06861
616.52081
301.08502
277.03974
281.12157
283.11921
701.53623
453.33802
305.17617
288.10756
335.11726
429.19601
345.13496
551.34063
485.14627
469.3246
450.29463
317.19671
512.99341
403.91886
526.2563
351.08554
453.26276
476.3462
441.01375
287.12962
152.99465
458.00372
146.02363
385.13923
327.12448
205.04987
418.16331
322.94116
469.22754
781.56178
459.17013
403.28588
567.29763
365.14341
521.33029
537.29006
494.98316
292.16385
443.31693
600.31589
507.36846
502.91867
305.15098
699.22427
372.25441
289.93843
729.55155
257.12975
181.04996
755.56043
123.04399
580.3283
809.63087
387.94104
307.16637
487.237
367.32167
331.23147
465.2628
659.4346
405.26461
514.93544
387.22125
517.02892
285.11333
596.32257
457.3328
486.22528
461.36373
285.12512
115.07521
118.92563
631.49386
175.0756
491.33757
507.31498
145.06473
588.46731
317.03413
527.30515
319.13024
433.11391
661.45045
469.30237
549.32864
206.04549
249.11322
329.17582
291.16063
623.3088
387.14589
535.31009
443.27863
194.90506
391.32183
466.19881
387.25428
168.0657
401.08006
514.29322
423.27546
283.15553
551.34227
297.17103
261.16109
409.17671
567.29945
318.21567
461.29109
459.34754
427.17975
511.3203
389.27033
441.30171
271.22796
425.28877
403.13967
307.13011
297.13225
573.45286
373.27487
459.34717
248.97336
417.17767
295.08258
551.3949
233.08181
209.05298
491.3198
419.28055
327.13294
567.30037
457.29461
299.18648
539.3048
424.25551
414.20396
419.3064
415.1433
552.30884
312.1379
357.17447
256.12756
500.27815
491.33883
293.17943
457.35992
341.16398
550.29176
828.56496
215.09194
699.2427
483.3327
115.07522
417.19593
287.15011
295.11632
645.32744
147.06343
355.15862
504.23562
342.13493
570.30469
547.05461
519.3328
491.30111449
387.25345
549.37884
117.92739282
465.30504
259.14532
494.3563
457.29549
475.34166
281.09333
397.21346
379.32174
117.92739
407.21873
149.09608
331.11955
481.18746
519.37974
388.93687
293.12045
537.32618
101.05947113
449.35474
491.33837
459.31245
349.16052
442.29031
431.21068
309.17436
254.99127
190.0503
482.19439
535.30932
311.16924
389.26941
471.27326
205.12279
404.91523
405.26476
201.11257
623.52594
507.31453
173.08107
457.02542
229.10747
583.32827
309.09843
431.19246
561.24016
313.10852
673.37842
445.27342
469.31703
174.05525
292.11941
553.35588
299.09306
415.97201
381.19247
489.35878
461.32755
358.94456
130.06508
605.31269
395.00819
605.31281
315.13567
275.09328
523.36195
371.07757
96.95879
533.38469
315.19709
241.12329
793.01989
303.13538
411.18538
419.07316
482.25347
118.92546
273.16093
352.1252
510.34321
782.56703
390.91653
416.93344
347.19739
341.11803
453.26316
433.33228
525.3272
405.11895
194.08107
193.08646
551.30412
317.21226
144.04438
363.1924
447.34828
100.92456
428.21115
99.92439
206.01217
477.32167
429.19591
443.3153
331.11944
315.1093
511.27384
336.1653
436.25576
509.3849
332.1224
399.1087
303.13561
488.27758
484.20907
773.43046
116.07009
321.17086
447.31248
453.32276
549.28905
251.12886
385.15314
447.34789
229.14417
383.20898
512.40391
379.15853
257.00685
759.41633
435.12959
508.31718
624.39435
381.20359
287.16169
224.09256
529.31773
497.31187
363.1835
487.23617
346.13834
713.61022
257.12961
461.36384
651.44982
289.16614
650.4187
431.31639
152.99473
574.45085
463.34354
407.25733
359.18973
316.12726
281.10329
501.21727
796.02
583.2944
530.93127
411.17498
640.49819
502.22031
169.04759
791.02261
492.33266
484.31874
470.26048
283.17374
656.53285
713.59305
271.02243
431.35234
498.31503
431.21067
301.14444
284.12182
414.16759986
359.28023
358.13018
349.17695
148.99822
417.96908
329.10379
437.12377
515.33702
231.01884
753.55155
417.31318
327.08766
302.10407
419.13565
501.92105
430.94849
599.52518
634.503
677.44503
482.31878
114.9328603
399.1846
649.41387
199.00067
317.13963
514.35694
517.89904
333.17117
209.04516
382.23178
516.89854
299.12302
644.4206
379.21331
275.16886
500.92009
302.14808
532.91141
299.1129
745.39906
333.13725
527.32217
771.61337
523.30814
673.57723
347.14066
